Total reward mean: [ 98.81337639 127.38518746 131.40505687 133.71719374 134.305881
 136.33618175 136.75983546 137.58703892 138.51394506 138.99467079
 140.06926284 140.8805663  141.29195682 141.68848851 141.91066813
 141.94099883 141.75336261 142.89201637 143.88130554 142.39351559] 
Total reward std: [26.11346888 34.23497619 34.60515346 35.11975315 34.7692352  34.70331414
 35.51861101 35.60521986 35.67333064 35.66751065 35.54040418 35.50947605
 35.80169515 35.17839961 36.12283688 36.14598473 36.322524   36.99024527
 36.8020267  36.06001479] 
Timesteps mean: [10. 10. 10. 10. 10. 10. 10. 10. 10. 10. 10. 10. 10. 10. 10. 10. 10. 10.
 10. 10.] 
Timesteps std: [0. 0. 0. 0. 0. 0. 0. 0. 0. 0. 0. 0. 0. 0. 0. 0. 0. 0. 0. 0.] 
