Total reward mean: [100.65586306 101.35219467 101.66075799 100.2792773  100.85962346
 101.00915768 101.42112943  99.70362265 101.13286767 101.30994347
 100.97675121 101.40979211 101.49311526 101.37107451 101.12449807
 101.14259334 101.6141802  101.30249301 101.18243711 101.23973645] 
Total reward std: [35.81157856 35.47374484 35.20203783 34.91872844 36.2732136  36.20791663
 35.89602434 35.71037545 35.61968002 36.38477964 35.88115866 35.37294223
 35.70514059 35.87922974 36.10973341 35.84150288 35.54648743 36.45346371
 35.68769467 36.16932237] 
Timesteps mean: [10. 10. 10. 10. 10. 10. 10. 10. 10. 10. 10. 10. 10. 10. 10. 10. 10. 10.
 10. 10.] 
Timesteps std: [0. 0. 0. 0. 0. 0. 0. 0. 0. 0. 0. 0. 0. 0. 0. 0. 0. 0. 0. 0.] 
